# 魔法冰球竞猜系统 - 数值预期说明

> 文档创建时间：2026-02-13
> 最后更新：2026-02-13 v4
> 目的：明确段位积分与赔率矩阵的设计逻辑，供确认后再修改代码

---

## ⚙️ 设计约束（必须遵守）

| 编号 | 约束内容 |
|-----|---------|
| A | 积分失败扣分：尾数必须是 **5 或 0** |
| B | 赔率数值：尾数必须是 **5 或 0** |
| C | 赔率矩阵：横向和纵向必须是**等差数列** |
| D | 赔率范围：最低 1.20，最高 2.70 |

---

## 一、段位积分规则

### 1.1 设计目标

| 编号 | 目标 | 结果 |
|-----|------|------|
| 1 | 弱者打强者，实力悬殊输了不扣分 | ✅ 高4段以上不扣分 |
| 2 | 同段位100%胜率，10场升一段 | ✅ 10×50=500分 |
| 3 | 同段位50%胜率，约20场升一段 | ✅ 22场≈500分 |

### 1.2 积分规则

| 段位差距 | 赢 | 输 |
|---------|-----|-----|
| 对手高6段（新手vs王者）| +100 | 0 |
| 对手高5段 | +90 | 0 |
| 对手高4段 | +80 | 0 |
| 对手高3段 | +70 | -5 |
| 对手高2段 | +60 | -5 |
| 对手高1段 | +55 | -10 |
| **同段位** | **+50** | **-5** |
| 对手低1段 | +45 | -15 |
| 对手低2段 | +40 | -20 |
| 对手低3段 | +35 | -25 |
| 对手低4段 | +30 | -35 |
| 对手低5段 | +25 | -45 |
| 对手低6段（王者vs新手）| +20 | -55 |

### 1.3 晋级规则

| 升段 | 需要积分 | 100%胜率 | 50%胜率 |
|-----|---------|---------|---------|
| 新手→青铜 | 500分 | 10场 | 22场 |
| 青铜→白银 | 500分 | 10场 | 22场 |
| 白银→黄金 | 500分 | 10场 | 22场 |
| 黄金→钻石 | 500分 | 10场 | 22场 |
| 钻石→铂金 | 500分 | 10场 | 22场 |
| 铂金→王者 | 500分 | 10场 | 22场 |

---

## 二、赔率矩阵（完美双向等差）

### 2.1 设计参数

- **起点**：新手vs新手 = 1.50
- **横向公差**：+0.20
- **纵向公差**：-0.05
- **对角线公差**：+0.15

### 2.2 完整矩阵

| 红方\蓝方 | 新手 | 青铜 | 白银 | 黄金 | 钻石 | 铂金 | 王者 |
|----------|------|------|------|------|------|------|------|
| **新手** | 1.50 | 1.70 | 1.90 | 2.10 | 2.30 | 2.50 | 2.70 |
| **青铜** | 1.45 | 1.65 | 1.85 | 2.05 | 2.25 | 2.45 | 2.65 |
| **白银** | 1.40 | 1.60 | 1.80 | 2.00 | 2.20 | 2.40 | 2.60 |
| **黄金** | 1.35 | 1.55 | 1.75 | 1.95 | 2.15 | 2.35 | 2.55 |
| **钻石** | 1.30 | 1.50 | 1.70 | 1.90 | 2.10 | 2.30 | 2.50 |
| **铂金** | 1.25 | 1.45 | 1.65 | 1.85 | 2.05 | 2.25 | 2.45 |
| **王者** | 1.20 | 1.40 | 1.60 | 1.80 | 2.00 | 2.20 | 2.40 |

### 2.3 等差验证

**横向（公差 = +0.20）：**
| 行 | 数列 | 验证 |
|---|------|-----|
| 新手 | 1.50→1.70→1.90→2.10→2.30→2.50→2.70 | ✅ |
| 青铜 | 1.45→1.65→1.85→2.05→2.25→2.45→2.65 | ✅ |
| 白银 | 1.40→1.60→1.80→2.00→2.20→2.40→2.60 | ✅ |
| 黄金 | 1.35→1.55→1.75→1.95→2.15→2.35→2.55 | ✅ |
| 钻石 | 1.30→1.50→1.70→1.90→2.10→2.30→2.50 | ✅ |
| 铂金 | 1.25→1.45→1.65→1.85→2.05→2.25→2.45 | ✅ |
| 王者 | 1.20→1.40→1.60→1.80→2.00→2.20→2.40 | ✅ |

**纵向（公差 = -0.05）：**
| 列 | 数列 | 验证 |
|---|------|-----|
| 新手 | 1.50→1.45→1.40→1.35→1.30→1.25→1.20 | ✅ |
| 青铜 | 1.70→1.65→1.60→1.55→1.50→1.45→1.40 | ✅ |
| 白银 | 1.90→1.85→1.80→1.75→1.70→1.65→1.60 | ✅ |
| 黄金 | 2.10→2.05→2.00→1.95→1.90→1.85→1.80 | ✅ |
| 钻石 | 2.30→2.25→2.20→2.15→2.10→2.05→2.00 | ✅ |
| 铂金 | 2.50→2.45→2.40→2.35→2.30→2.25→2.20 | ✅ |
| 王者 | 2.70→2.65→2.60→2.55→2.50→2.45→2.40 | ✅ |

**对角线（同段位，公差 = +0.15）：**
| 段位 | 赔率 |
|-----|------|
| 新手 | 1.50 |
| 青铜 | 1.65 |
| 白银 | 1.80 |
| 黄金 | 1.95 |
| 钻石 | 2.10 |
| 铂金 | 2.25 |
| 王者 | 2.40 |

✅ 完美等差

---

## 三、关键数值汇总

| 项目 | 值 |
|-----|-----|
| 最高赔率 | 新手 vs 王者 = **2.70** |
| 最低赔率 | 王者 vs 新手 = **1.20** |
| 同段位范围 | 1.50 → 2.40 |
| 横向公差 | +0.20 |
| 纵向公差 | -0.05 |

---

*文档结束*
